time,x,y,z,phi,theta,psi,x_velocity,y_velocity,z_velocity,phi_velocity,theta_velocity,psi_velocity,rotor_speed1,rotor_speed2,rotor_speed3,rotor_speed4
0.02,0.0,0.0,10.001162980264098,1.4209591014946454e-07,3.0189670496838517e-07,0.0,0.0,0.0,0.11629802640982445,-0.0005330964450833913,0.0007770414472738968,0.0,509.4912422936184,509.6578506003904,510.0362752603246,509.92206278549713
0.04,-6.567685612478329e-10,3.091260187045592e-10,10.003702415219255,2.5516371371381297e-06,2.2591073372879578e-05,0.0,-6.567685612478329e-08,3.091260187045592e-08,0.13764546910583922,0.004579920302117356,-0.002896743446287803,0.0,426.47662635589853,425.5343675366298,424.0423264297499,425.3577407962961
0.06,-5.075914625284429e-08,6.43802446414369e-09,10.006652975881044,0.00010028663063010868,6.28315018378051,0.0,-4.944560913034862e-06,5.819772426734571e-07,0.15741059707308494,0.00808322943797431,-0.002232821046378992,0.0,423.53031557589884,423.7016151383881,423.5520913672522,424.45477084847323
0.08,-6.384164302240153e-08,2.6308425370151604e-07,10.010282252098015,0.00027705101303965307,6.283144154063141,0.0,3.636311236079138e-06,2.508264568106378e-05,0.2055170246240489,0.002587814321785218,0.006556570691328046,0.0,449.6187675331365,451.74965549251715,451.50940990251115,450.1774908089351
0.1,1.1874472178094582e-07,1.5043375953243055e-06,10.015100138554375,0.00037013112735273523,9.045246376970795e-05,0.0,1.4622325244255597e-05,9.904268848121516e-05,0.27627162101199754,-0.006503261288662065,0.005582746898656838,0.0,471.2838000063319,471.0578686852717,472.30153344267484,470.19366815876407
0.12000000000000001,2.1616778447192088e-07,4.28322647694311e-06,10.020819658416668,0.00024014504430969197,0.00022805151702076643,0.0,-4.880018975158092e-06,0.0001788461996806653,0.29568036521731206,-0.0069011123411637995,0.012786095464144403,0.0,422.0570703386424,423.9176722434553,424.10053683550905,423.99812853367405
0.14,-5.213905340487738e-07,8.534045164667231e-06,10.027577464514206,0.00014112906923724466,0.0004993426154280556,0.0,-6.887581287691138e-05,0.00024623566909174683,0.3801002445364346,-0.015733583314872346,0.007205918204514451,0.0,484.04322653278996,482.7818520230226,483.90201182462516,481.9036881325713
0.16,-3.0625202375790448e-06,1.3787630088016698e-05,10.035547759742434,6.2830633711883195,0.0006462503374269346,0.0,-0.00018523715747611574,0.0002791228232432,0.41692927828639675,-0.025892973630581812,0.009567848732106065,0.0,440.6925593345785,441.2776619616541,440.98649207696934,438.4621844289532
0.18,-8.440958891592521e-06,1.905428941874427e-05,10.044514201173891,6.282545664586184,0.0008390647749445534,0.0,-0.0003526067079252319,0.00024754310982955715,0.47971486485943643,-0.025340035161333378,0.007860533368554034,0.0,464.0957823893265,463.6935256751194,464.53201059515874,464.661950538777
0.19999999999999998,-1.753709606070194e-05,2.244694993179145e-05,10.054582546512423,6.28215570281532,0.0009970130374217234,0.0,-0.0005570070089857102,9.172294147516083e-05,0.5271196689937233,-0.010053509567718617,0.009075107455656655,0.0,451.2994488403182,451.59329423906183,447.31156224467657,451.0299850629277
0.21999999999999997,-3.100171672025267e-05,2.1880942825675595e-05,10.06549438229661,6.28195470244631,0.0012375269834405955,0.0,-0.0007894550569693629,-0.00014832365208674637,0.5640639094250781,-0.009679818937328439,0.019938973885779462,0.0,439.576177168995,442.26819730790004,440.2139474837845,440.3068126506625
0.23999999999999996,-5.003841086263525e-05,1.5685043727009972e-05,10.077437917484671,6.281765019505169,0.0017002050859655782,0.0,-0.0011142143572688955,-0.0004712662577798158,0.6302896093809481,-0.012477474243597245,0.008634229323445283,0.0,470.0571049081102,467.4219069274187,466.4769902509799,465.8213584654497
0.25999999999999995,-7.691751202524208e-05,2.421387154184218e-06,10.090784210085456,6.281526554414739,0.0018970545699783514,0.0,-0.001573695758991787,-0.0008550993995027595,0.704339650697444,-0.0171858485791665,0.015586192721528194,0.0,473.167961324417,474.7704704894536,475.42307743584,474.3398740419437
0.27999999999999997,-0.00011339437096811202,-1.9055084093627064e-05,10.105546212752657,6.2811922432374185,0.0022271832037423778,0.0,-0.0020739901352952064,-0.0012925477252783688,0.7718606160227228,-0.012848615760354714,0.021653280875473063,0.0,468.4392760805267,469.85219562733965,467.8605160617955,468.87243687985017
0.3,-0.00016024783428931588,-4.9714814037238196e-05,10.121434176965733,6.280946782217413,0.0026692094025175805,0.0,-0.00261135619682518,-0.0017734252690827438,0.8169358052849219,-0.017646801917841702,0.017419941468942837,0.0,449.2075784727421,448.1766817652832,448.88481568959253,447.71546321652954
0.32,-0.00021974738800613922,-9.12823019458249e-05,10.138535442687312,6.280606706302034,0.003024689771857325,0.0,-0.003338599174857155,-0.002383323521775926,0.8931907668729793,-0.012575288735490265,0.021183328231060002,0.0,476.19106946314434,477.05372557235984,475.97837645297284,477.14126215829555
0.34,-0.00029443515428040823,-0.00014569708591559446,10.1570542968256,6.28035813300486,0.0034497155809942726,0.0,-0.004130177452569746,-0.003058154875201031,0.9586946469556501,-0.010153521803572024,0.022832112338222847,0.0,467.09781301569984,467.4833188704827,466.892200205911,467.4587464990829
0.36000000000000004,-0.00038536787462537105,-0.00021368622049441164,10.176680621250584,6.280157124269561,0.003918974585303658,0.0,-0.004963094581926536,-0.0037407585826806896,1.003937795542937,-0.012184137854228226,0.017808815105350165,0.0,449.466155230487,448.24334598989554,449.2951541172256,448.801171084062
0.38000000000000006,-0.0004930908142051655,-0.0002950391800633156,10.196956350352645,6.279928166518612,0.004276552677446865,0.0,-0.005809199376052907,-0.004394537374209701,1.0236351146631266,-0.0067573513030932215,0.016134425642847606,0.0,425.45875195010024,425.0284613760863,423.493462089112,424.89145637566355
0.4000000000000001,-0.0006194338209830153,-0.00039066725444605513,10.217842539392716,6.279793317662222,0.004604406497040969,0.0,-0.006825101301732063,-0.00516827006406425,1.0649837893438638,-0.007529581411766613,0.019348552814374153,0.0,445.05794553519166,445.8462620420158,445.5430594005165,445.35374167206515
0.4200000000000001,-0.0007682913837837156,-0.000503134690589275,10.239863592886191,6.279643050828863,0.005028938340425171,0.0,-0.008060654978337968,-0.006078473550257732,1.1371215600036086,-0.0067236101008354586,0.02801582309937735,0.0,472.01645305209405,474.0185240815263,473.68052092610094,473.8665205059758
0.4400000000000001,-0.0009421993721368819,-0.0006336460260545601,10.263168349611988,6.2795149627290865,0.005606311428632438,0.0,-0.009330143856978666,-0.006972659996270772,1.1933541125760845,-0.0031503476585710262,0.022175167961454575,0.0,459.9954103125116,458.6060968000636,458.9851049237851,459.8350907028216
0.46000000000000013,-0.0011436491071921363,-0.0007828190648653766,10.28772162063633,6.279458963465071,0.006058260601027321,0.0,-0.010814829648546754,-0.007944643884810879,1.2619729898579857,0.0005933641773922375,0.02628511033719782,0.0,470.5607487482261,471.51413382118267,469.62789361547686,470.4981961251662
0.48000000000000015,-0.0013755272344059635,-0.000951295786757995,10.31357097214091,6.279476880386408,0.00658469003950124,0.0,-0.012372983072835957,-0.008903028304450972,1.3229621606000865,-0.002885037118928748,0.02749112172213099,0.0,463.8328796329355,464.11701285803485,464.2534398205649,463.43401370003926
0.5000000000000001,-0.0016393255477772709,-0.0011385579901960702,10.340549462451214,6.279432410978167,0.00715765491867959,0.0,-0.014006848264294793,-0.009823192039356563,1.3748868704301547,0.0022591506959251688,0.03429442161782388,0.0,454.8681212788104,456.49965878478935,455.40834543492366,456.6410131482761
0.5200000000000001,-0.0019369148512551264,-0.0013441723069357607,10.368523406130532,6.279478315979144,0.007843545574636401,0.0,-0.015752082083490743,-0.010738239634612469,1.422507497501503,0.001057495954817508,0.03436110895438379,0.0,451.9499145016185,451.96650406640435,452.2669099656081,451.9764449944147
0.5400000000000001,-0.0022728704456193263,-0.0015688212487151682,10.397677861115845,6.279540490535588,0.008530834328874803,0.0,-0.017843477352929266,-0.011726654543328273,1.492938001029879,0.010115601424230318,0.03472600661380911,0.0,472.18643622948537,472.27128553953224,472.0738177344668,474.1658078677124
0.5600000000000002,-0.002649930994335109,-0.0018119808862358696,10.427941360368107,6.279785305132869,0.009225469165174971,0.0,-0.019862577518649,-0.01258930920874185,1.5334119241962945,0.01933542450227668,0.0342470410117334,0.0,445.2297983154596,445.11274123436897,445.16114232453504,447.41841616270375
0.5800000000000002,-0.003064904930743364,-0.002070298562984395,10.458568545460448,6.2801773103445,0.009943514180719148,0.0,-0.021634816122176475,-0.013242458466110697,1.5293065850376524,0.022590181508893716,0.02611018715909331,0.0,403.6174910914965,401.40916646299866,401.2823476475147,402.16766516789966
0.6000000000000002,-0.0035213502885663947,-0.002342332048132335,10.489580963509804,6.280632574403089,0.010472388053737625,0.0,-0.02400971966012656,-0.013960890048683257,1.57193521989788,0.0252209336491632,0.022457755137428148,0.0,447.25817618442295,446.3650838076522,448.54695648269,449.1874034375795
0.6200000000000002,-0.004027746337709591,-0.0026279368661555487,10.521559519068859,6.28114964389373,0.010922667967880884,0.0,-0.026629885254193002,-0.014599591753638126,1.6259203360076677,0.020190860556963758,0.0239576293952613,0.0,457.9840424376649,458.34177027309073,459.20473993967784,458.0063248539571
0.6400000000000002,-0.004588615494328371,-0.0029251979611289933,10.554704113441499,6.281586860017448,0.01140270977025537,0.0,-0.029457030407684985,-0.015126517743706335,1.6885391012562705,0.028363854204255416,0.02262405189928644,0.0,466.12189218753326,465.80920309611054,465.6852408590694,467.5990168345148
0.6600000000000003,-0.005203494844083669,-0.003231336879300384,10.58877000145105,6.2821547007070695,0.011855438464567492,0.0,-0.032030904567844895,-0.015487374073432716,1.7180496996986314,0.02942555617415074,0.02332783642129292,0.0,436.2283358608869,436.40463616460113,435.4991742217822,435.76572380009094
0.6800000000000003,-0.005872299221970381,-0.0035435353049646265,10.623546329584237,6.282754554923848,0.012323020429365172,0.0,-0.03484953322082636,-0.015732468492991536,1.759583113620001,0.0341885580208746,0.02475978360734711,0.0,446.44592111522303,446.79631529548715,447.5751107098261,448.7367071301673
0.7000000000000003,-0.006596733884629046,-0.0038591449162158234,10.659002866848104,0.0003033367486882099,0.01286567721353471,0.0,-0.03759393304504005,-0.01582849263212812,1.7860706127667811,0.024156823972530606,0.034502587312921704,0.0,431.90170692732437,434.3597880768306,434.7607256407175,432.23251355294497
0.7200000000000003,-0.007383517243748443,-0.0041748930885628244,10.69547506354916,0.00078917078006846,0.013555813375715431,0.0,-0.04108440286689966,-0.01574632460257201,1.861149057338907,0.02183408768537118,0.03409169578867127,0.0,477.5134718624333,477.4198449029955,478.323030232126,477.7921428193262
0.7400000000000003,-0.008239339950876697,-0.004487833906418655,10.733253888188637,0.0012303800696464862,0.014283143440957602,0.0,-0.044497867845925645,-0.015547757183010996,1.916733406608721,0.018824923060338655,0.024552707428402924,0.0,461.1706233475027,458.9052651593872,461.76932565678266,461.0566834111312
0.7600000000000003,-0.009154462175524803,-0.004796623001019999,10.771388200584441,0.001614833900952739,0.014781852099641668,0.0,-0.04701435461888512,-0.015331152277123469,1.896697832971666,0.014836096140097673,0.028465381735361547,0.0,386.72870388495573,387.83289235521767,386.69945162714384,385.5706274121344
0.7800000000000004,-0.01012900318081942,-0.0050995059750416245,10.809677170816274,0.0019404964774114575,0.015362542988273553,0.0,-0.05043974591057645,-0.014957145125039059,1.9321991902115851,0.022444072698516046,0.023693955549338765,0.0,443.18466861144196,442.00686780462786,441.1726319217557,443.0529295574921
0.8000000000000004,-0.011178645208121212,-0.005393491566640535,10.849017690985042,0.00240778650468787,0.015836438246570772,0.0,-0.05452445681960281,-0.014441414034851984,2.0018528266652136,0.01637635924025497,0.023514248508004404,0.0,473.4758114344225,473.4343593617955,474.23811317792683,472.837932711721
0.8200000000000004,-0.012303679773843806,-0.0056770700003566646,10.889273799587716,0.00277542464410363,0.016358453871221812,0.0,-0.05797899975265665,-0.01391642933676094,2.023758033602199,0.02533302766224886,0.013342655270888279,0.0,430.48456581165624,427.8948872411339,429.22309295938066,431.49723956502817
0.8400000000000004,-0.013503454097089614,-0.0059485819040886075,10.930243659597538,0.0032859209164870506,0.016635160352716838,0.0,-0.06199843257192419,-0.013234761036433314,2.0732279673801375,0.028102763800681246,0.01778188405011152,0.0,455.33899584636833,456.40297329024247,455.3038005803733,455.96815289506924
0.8600000000000004,-0.014779506407861525,-0.006206152721272569,10.971914922359856,0.0038802607706474035,0.016990884599455747,0.0,-0.06560679850526688,-0.012522320681962832,2.0938983088516543,0.0200672702692645,0.01819797475324027,0.0,428.5871420290946,428.69316172093215,430.10566306218107,428.059490862852
0.8800000000000004,-0.016129373575161948,-0.006447986042842851,11.01405109210454,0.004293599675963655,0.0173656610630335,0.0,-0.06937991822477554,-0.011661011475065387,2.1197186656166496,0.015169617784396915,0.013546745128062991,0.0,433.85665112927796,432.68351041618575,435.16620436854095,433.9345885858066
0.9000000000000005,-0.017557321073678654,-0.006671234244044366,11.056806436627895,0.004597434631228303,0.017660855015521726,0.0,-0.07341483162689505,-0.01066380864508608,2.1558157867187964,0.014228767555071176,0.006581251616876425,0.0,444.7217714600155,443.00682109373116,443.7606070071974,443.5287625554102
0.9200000000000005,-0.019065412310386536,-0.006874155657616603,11.10021344190974,0.004887884463741443,0.017799166452698856,0.0,-0.07739429204389303,-0.009628332712137625,2.184884741465624,0.017656443564220487,0.010238136859650717,0.0,436.4120344769909,437.3266370208452,437.23041536995134,438.086137670545
0.9400000000000005,-0.02066139027806226,-0.007053520720912279,11.14465037554043,0.005241075477922408,0.018005327759629708,0.0,-0.0822035047236793,-0.008308173617429946,2.2588086216034653,0.01800898546655495,0.011910601949244851,0.0,478.3870217664804,478.7687653282775,477.65980029301875,477.74034991231656
0.9600000000000005,-0.022354388471492292,-0.007205447664861563,11.190581209108577,0.005601371268277866,0.01826473777993254,0.0,-0.08709631461932389,-0.006884520777498421,2.334274735211248,0.01849081743713174,0.018421820163717573,0.0,480.32202258204774,481.8009328552636,478.4017628054037,478.51171785417387
0.9800000000000005,-0.024140781985302628,-0.007329507126555691,11.237738501692789,0.005997030243723778,0.01872049225144856,0.0,-0.09154303676170956,-0.0055214253919143984,2.381454523209943,0.025680063114243562,0.0052068235128167155,0.0,457.08485160293935,453.9144563614173,453.41386649462856,455.143165113283
1.0000000000000004,-0.026020916041354387,-0.007424158020208475,11.286036759681577,0.006516203516744312,0.018852089091156543,0.0,-0.0964703688434661,-0.003943663973363938,2.4483712756690084,0.029018329351579806,0.012617676291256605,0.0,472.00593873353205,473.7184515875851,472.32945753795366,473.10123132587233
1.0200000000000005,-0.02799515900198092,-0.007487541597890139,11.335419530472269,0.007100347692466258,0.019135475790510448,0.0,-0.10095392721918754,-0.002394693794802481,2.4899058034000645,0.03176699764390991,0.004739456501379568,0.0,451.09617526994634,449.1835159967778,449.926871602503,450.5941992219818
1.0400000000000005,-0.030047958531591364,-0.00752293126810291,11.385016942030004,0.00773934631424833,0.019238764886781112,0.0,-0.10432602574185666,-0.0011442732264746445,2.469835352373532,0.03447205546357635,0.0006163590629454877,0.0,390.82542056055837,389.6707581985535,388.08747173880045,388.84895572805624
1.0600000000000005,-0.03217470765892045,-0.007529643467634601,11.434541591806788,0.00842903045061938,0.019251294765405547,0.0,-0.10834888699105164,0.00047305327330558647,2.482629625304836,0.0351692313370408,-2.0347094917196702e-05,0.0,422.3082789864296,422.1434758936328,423.5233893180917,423.7037984689233
1.0800000000000005,-0.034389785500680004,-0.007499134107392638,11.484729468009766,0.00914494971154145,0.019290054916388577,0.0,-0.11315889718490392,0.002577882750890722,2.5361579949928035,0.030162309292290714,0.008830313093025477,0.0,459.63226373943075,461.7317016762591,462.5173006205414,461.3333039583206
1.1000000000000005,-0.03669789333358464,-0.0074262899345957905,11.535818452453626,0.009764414488971696,0.019486301741991063,0.0,-0.11765188610555974,0.004706534528794124,2.5727404493930575,0.035857674352504906,0.015097778887405414,0.0,445.11476804520294,446.6506906828786,445.441402976448,446.83672141016876
1.1200000000000006,-0.03910132099319271,-0.007306925046736965,11.587895673679226,0.010484335714974868,0.019799520200075804,0.0,-0.12269087985524754,0.007229954257088479,2.634981673166967,0.038210433988698264,0.010351647760493396,0.0,470.20046316689877,469.0960223236641,469.0721221506702,469.6204083028909
1.1400000000000006,-0.04160778051787384,-0.007134468639414674,11.641290430665094,0.011276145199259346,0.020179395277802215,0.0,-0.12795507261286526,0.010015686475140563,2.704494025419926,0.04564021251983533,0.028944233514847942,0.0,473.91654237517173,478.1843390291783,475.4480678676893,477.1532779117847
1.1600000000000006,-0.044230365760723506,-0.006898701485238231,11.696562454011431,0.012191911622283058,0.02077358279073227,0.0,-0.13430345167210211,0.013561028942503777,2.822708309213851,0.043206214727290346,0.034476474043469374,0.0,516.1796651484336,517.3496408570566,518.037131329188,517.5243349321455
1.1800000000000006,-0.04696852536348791,-0.006596931450211268,11.753560371715004,0.013058799642699626,0.02148038820815401,0.0,-0.13951250860433836,0.01661597456019255,2.877083461143369,0.04555726805309786,0.04035455817901675,0.0,463.12806170357703,464.51341871337945,463.2641883528816,463.8193969145664
1.2000000000000006,-0.04981465719251146,-0.0062306639249509735,11.811739673603048,0.014026713341332986,0.022287858836367747,0.0,-0.1451006742980165,0.020010777965836904,2.940846727661005,0.05621262704010576,0.04122572364403597,0.0,471.71693933375934,471.9194505703385,471.5564806907731,474.02040770928164
1.2200000000000006,-0.052782546967349894,-0.005789017750798959,11.87154825300386,0.01515322249890616,0.023132699707450577,0.0,-0.151688303185827,0.02415383944936448,3.0400112124201466,0.05833706426964399,0.03484976909559641,0.0,503.7107289102588,502.3262651138026,502.40815246646895,502.871772575033
1.2400000000000007,-0.055873627455465785,-0.005268426593960045,11.932862099792688,0.01636058439185728,0.023834192226702022,0.0,-0.15741974562576205,0.027905276234526943,3.0913734664625196,0.0493236733917721,0.031850723467471975,0.0,462.56844646682947,461.8598509888886,463.0962986493887,460.9666552628718
1.2600000000000007,-0.05906654758370777,-0.0046797886017402495,11.994593765209821,0.017376839336249894,0.024472936599331696,0.0,-0.16187226719843592,0.030958522987452546,3.0817930752508262,0.04160596951597762,0.029990667941442242,0.0,404.64160923665656,404.13941746523227,404.39611971558895,402.3068670414314
1.2800000000000007,-0.062353512380330725,-0.00402549216329039,12.0562889806539,0.018223262549029506,0.025075919454611295,0.0,-0.16682421246385992,0.03447112085753337,3.0877284691571165,0.046954581010600155,0.03250840361100126,0.0,418.6702555353719,419.32727549648877,419.30736661480137,420.70008714975074
1.3000000000000007,-0.06575036389935004,-0.003292239320103897,12.118486592188376,0.01916670219570271,0.025729445497587378,0.0,-0.17286093943807163,0.03885416346111591,3.1320326842905564,0.049903488083234235,0.03509991697438013,0.0,455.4642682407393,456.0860057587249,455.895386515052,456.6029684462209
1.3200000000000007,-0.06927109523966334,-0.0024678873747733163,12.181631236513576,0.02017106614048636,0.02644565808013155,0.0,-0.17921219459325757,0.04358103107194215,3.1824317482295195,0.04635547931250713,0.029768079944433642,0.0,462.07781215944397,460.8155879836242,462.55753184289216,461.719997025676
1.3400000000000007,-0.07291749423875916,-0.0015489059693376765,12.24566560434696,0.021104542365444345,0.02704768713201844,0.0,-0.18542770531632521,0.04831710947162182,3.221005035108957,0.049923851128292264,0.03341977900052429,0.0,450.3766884522733,451.26215132419765,451.3679128565952,452.2322701737411
1.3600000000000008,-0.0766951670773383,-0.000528685209907008,12.310676345692483,0.02211612617829317,0.02773013343328401,0.0,-0.19233957854158784,0.05370496647144502,3.28006909944328,0.05504377110488345,0.028118699628358338,0.0,470.8940450943875,469.66257459501514,469.2203348742898,470.41267050013
1.3800000000000008,-0.08061768985282128,0.0006057545555339669,12.377043700778993,0.02323618544382544,0.028309569545297286,0.0,-0.19991269900670938,0.059739010072652476,3.356666409207623,0.061237936655532836,0.022277104050810383,0.0,485.2392283968891,483.92198441991445,486.03277344500054,487.42524393231724
1.4000000000000008,-0.08467761981010308,0.0018510975380143686,12.444390738211991,0.024463424042639126,0.028768989333636696,0.0,-0.20608029672147002,0.06479528817538767,3.378037334092283,0.05901089121233989,0.027545444837681614,0.0,435.597461469635,436.91723622296485,436.53975416686256,435.98463155938913
1.4200000000000008,-0.08886622021146606,0.003203903203656729,12.512314996917313,0.025674598880842225,0.0293228969540138,0.0,-0.21277974341482894,0.0704852783888484,3.4143885364398976,0.06687943795950542,0.025096476229045032,0.0,451.5273720341343,450.93443110770454,448.7404202355847,450.6549951867999
1.4400000000000008,-0.09318792366730999,0.004671418011435853,12.580891936927705,0.027013175716904314,0.029835315298109677,0.0,-0.2193906021695637,0.07626620238906401,3.44330546459923,0.06828519531574703,0.029676611492420082,0.0,443.2009871220429,444.32902398064545,443.626726292589,443.97623414111825
1.4600000000000009,-0.09764123969524814,0.006255968514580743,12.64998806226391,0.02838091089722017,0.030428854215949208,0.0,-0.2259410006242519,0.08218884792542494,3.4663070690212776,0.06626961897099722,0.029792266075394095,0.0,438.4742555525449,438.50336455800374,438.55745852164074,438.0584935796801
1.4800000000000009,-0.10222962935804966,0.007964542139008953,12.719634739646212,0.02982823560625647,0.031029502035591072,0.0,-0.23289796565590054,0.08866851451739603,3.4983606692088904,0.08188578556950846,0.03289145891670373,0.0,446.18166634511005,446.94038699900733,445.66578673791975,449.4820288678541
1.5000000000000009,-0.10695389892355067,0.009801557745891604,12.789773084595097,0.031476267319187734,0.03168766290692204,0.0,-0.23952899089420054,0.09503304617086901,3.515473825679719,0.08642803204918191,0.033705944026139585,0.0,432.85224957014367,433.05828793856455,432.7925415991489,433.94361492477026
1.520000000000001,-0.11182669902679664,0.011783775236713638,12.860710789925024,0.0332134319730617,0.03236702991219964,0.0,-0.24775101943039543,0.10318870291133433,3.578296707312932,0.08227977629768364,0.030466152441948165,0.0,474.4595312462765,473.7130937866032,476.7549315762583,475.80872974907675
1.540000000000001,-0.11684424231311051,0.013911591617624617,12.93224225391603,0.03488548320707974,0.03299609819778748,0.0,-0.2540033092009917,0.10959293517976354,3.5748496917875756,0.07500575291794823,0.036750297053465476,0.0,412.36958397141353,414.03205783537294,414.80654683919636,412.89170110335374
1.560000000000001,-0.1219845553997446,0.016167022037647076,13.003598835264912,0.036386323464712156,0.03377143877422739,0.0,-0.26002799946241817,0.11595010682248212,3.5608084431005724,0.07621007785229403,0.027768689694991897,0.0,404.4614857287842,402.02804738914654,402.0090469575406,402.34137362752773
1.580000000000001,-0.1272686322258953,0.01857585818324223,13.075320832484502,0.03791136751175017,0.034327406930791504,0.0,-0.2683796831526524,0.12493350773703318,3.611391278858475,0.07491201006385177,0.026678402884591838,0.0,465.0531834242212,464.7970616597918,464.59055123598284,464.28942154581506
1.600000000000001,-0.13272109071336594,0.021168090156603987,13.148053402167665,0.0394190920757147,0.034918976084042264,0.0,-0.2768661655944097,0.13428968959914261,3.66186568945796,0.07055670004332446,0.037448834218453436,0.0,464.2312423015553,466.75994057939795,464.86346239858597,463.8425840150571
1.620000000000001,-0.13832182306898438,0.023925304106738612,13.221139605551985,0.04085889042511326,0.03571581573461913,0.0,-0.28320706996743433,0.14143170541431982,3.646754648974044,0.06298512840565373,0.027664871196440968,0.0,404.9851512120603,402.33702010487644,401.9641921325224,399.9046894326475
1.640000000000001,-0.14406249379288874,0.026841305770838007,13.294249790224084,0.0421604413885488,0.036298387615475214,0.0,-0.29086000242300303,0.15016846099561948,3.6642638182359017,0.07213372341496495,0.03531659739735694,0.0,434.0641893383404,435.9866563777356,433.1798315699029,435.4847752472498
1.660000000000001,-0.1499743342899862,0.029954388715708376,13.368173817331007,0.04360633922396495,0.03705880392938976,0.0,-0.3003240472867414,0.1611398334914174,3.7281388924563266,0.06959468142373998,0.024916177601282584,0.0,478.5040947205939,476.12329323792636,477.3235498687032,476.74550506795543
1.680000000000001,-0.15606597311318535,0.03327717247162943,13.443066090289292,0.0450164199543428,0.03756723294308362,0.0,-0.3088398350331727,0.17113854210068782,3.761088403372376,0.07562578445768162,0.0294118336531027,0.0,449.0556746544806,450.1485383957886,449.31049239577163,450.77866589998007
1.700000000000001,-0.16232303099809942,0.03679589083543241,13.518455808150128,0.046534882901644536,0.038184892992823016,0.0,-0.3168659534582331,0.1807332942796097,3.777883382711144,0.07907462720512592,0.021740669898140868,0.0,435.3722237135053,433.4426081121592,434.8763799452494,435.7468625059246
1.720000000000001,-0.168742084215291,0.04050991661657009,13.594185106783392,0.048133626444726296,0.03862877222909589,0.0,-0.3250393682609244,0.19066928383415854,3.7950464806152957,0.07320078706788684,0.017482539249601265,0.0,435.69624490585073,434.62686823411605,436.28564993910175,434.81694409790157
1.740000000000001,-0.17533147742030172,0.04443343447008544,13.6704103255523,0.049604033695819894,0.03897844281636598,0.0,-0.3338999522401475,0.2016825015173767,3.8274753962754153,0.06962545219245916,0.017681548186563853,0.0,450.2107873240051,450.25901501229083,449.94453270126616,449.0793810501087
1.7600000000000011,-0.18210654729858053,0.04859030857937815,13.747479962417213,0.051073316038912075,0.039346029595100696,0.0,-0.34360703558773215,0.21400490941189412,3.879488290215827,0.08201684430496921,0.02296469403031831,0.0,467.51120094615834,468.7444796623336,466.2260130315601,469.1250421028465
1.7800000000000011,-0.18906128878743847,0.052977311971098506,13.825199100957771,0.0527510477333486,0.03980556424903092,0.0,-0.3518671132980609,0.2246954297601422,3.8924255638399035,0.09066494332583105,0.02227075840852413,0.0,431.7523386971496,431.5767064389837,431.44996586291006,433.6406833334357
1.8000000000000012,-0.1961782866496959,0.05757644500598681,13.903078529465642,0.054568943438616735,0.0402956148233411,0.0,-0.35983267292768106,0.23521787372868846,3.8955172869471677,0.09369705109159374,0.012822435156244054,0.0,423.3872429674039,420.94132618663883,422.6950037646372,423.4855771173112
1.8200000000000012,-0.20347324607433415,0.06241353997593816,13.981456974958869,0.05646510556169826,0.04056980340676297,0.0,-0.36966326953614526,0.2484916232664464,3.942327262375697,0.10036354961024938,0.0068659462076751205,0.0,464.0884511957666,462.68352362394404,463.4226774850292,464.9991563484398
1.8400000000000012,-0.21094505398521793,0.06749229291729064,14.060268509422594,0.05847938921763873,0.040716870888416246,0.0,-0.3775175215522326,0.25938367086880193,3.9388261839969196,0.10410858999323594,0.01128149996674898,0.0,416.37088453927623,417.5281756857926,415.5972348821614,416.5903429912128
1.8600000000000012,-0.21858948100914755,0.0728146248092546,14.139383136743918,0.06056307020296181,0.04094577321869863,0.0,-0.3869251808407276,0.27284951832759413,3.972636548135572,0.10237124405275343,0.008723246286120236,0.0,453.55410779622,452.93712882115733,451.6342744313389,451.2229367466768
1.8800000000000012,-0.2264215111560912,0.07840945131164528,14.219147070798948,0.06265269451052013,0.04113010766067138,0.0,-0.3962778338536374,0.2866331319114737,4.00375685736758,0.11155812888964106,0.013166109383278477,0.0,448.897415503196,449.97764861193565,449.7065191588743,451.942515867084
1.9000000000000012,-0.23444392583824403,0.08428910495235063,14.299603351627635,0.064884191331676,0.04139729241853196,0.0,-0.40596363436164584,0.30133223215906235,4.041871225501088,0.11237573926543487,0.010386695705820587,0.0,457.3690735107341,456.7043294455185,456.51462114582756,456.72097829505384
1.9200000000000013,-0.2426503741702371,0.09045180478950889,14.380572829153685,0.06713787098672253,0.041647598464089164,0.0,-0.41468119883766236,0.31493775155676357,4.055076527103954,0.10886436638925234,0.019614060599555082,0.0,432.4836625488767,434.80906545971425,434.430543882244,433.55784726089985
1.9400000000000013,-0.2510474854907368,0.09691672100583329,14.46218368431614,0.069323133144505,0.04203989721031576,0.0,-0.4250299332123076,0.3315538700756777,4.106008989141441,0.11285806893134145,0.0194267948219046,0.0,468.7040715039047,468.66034579260764,468.5164975393989,469.4569105008965
1.9600000000000013,-0.25964195737741347,0.10370189949340404,14.544561380534192,0.07163102682890177,0.0424375853227108,0.0,-0.4344172554553634,0.3469639786813975,4.13176063266394,0.12293103331826348,0.023705162725026985,0.0,446.26084457900913,447.3073462962648,444.55919813213575,447.039899238817
1.9800000000000013,-0.26840912223949565,0.11077350888871311,14.62707897342251,0.07408969281870803,0.04302675091358488,0.0,-0.4422992307528558,0.3601969608495085,4.119998656167662,0.12262995711145407,0.008535302055013304,0.0,411.89923946046827,407.8543663229643,410.1083277924195,410.04316337863304
2.0000000000000013,-0.2773523167211646,0.11814402837241952,14.709761369597372,0.07658075432995748,0.04319796549382815,0.0,-0.4520202174140433,0.37685498752113294,4.148240961318565,0.11385928222059917,0.007526799062488956,0.0,449.1515236616909,448.9059431838369,449.6832988774765,447.5601268182257
2.0200000000000014,-0.28650381855296836,0.1258771608627568,14.793319200729472,0.07885795790378491,0.043349346668107636,0.0,-0.46312996576633103,0.3964582615125938,4.207542151891538,0.11366991793990068,0.008826947538514289,0.0,477.01683074439205,477.3144920862018,477.0430114973889,477.010204218617
2.0400000000000014,-0.295859562632559,0.133974828475748,14.877640628679194,0.08115456735679683,0.04353627596128273,0.0,-0.4724444421927341,0.4133084997865227,4.224600643080617,0.1068565349015059,0.01338553117925063,0.0,438.90969172830074,440.043215760454,439.54494827577236,437.85927052747644
2.0600000000000014,-0.3054373165680659,0.1424800825379448,14.963110472707525,0.08329712936039346,0.04383184132380791,0.0,-0.48533095135794796,0.4372169064331596,4.322383759752433,0.10356068734241873,0.020849409385642947,0.0,509.2687964971051,510.86785236529636,510.86625204675977,510.1691078939675
2.0800000000000014,-0.3152286178797928,0.15138429233296843,15.049511314005995,0.0853702024693952,0.04424937301138332,0.0,-0.4937991798147421,0.4532040730692037,4.317700370094592,0.10548908675829523,0.02189200217519473,0.0,418.12428707397606,418.39673862684947,419.4267668788275,419.9389828340721
2.1000000000000014,-0.3251892835669113,0.16061062647611404,15.135799646807197,0.08748168038930348,0.04468725513050309,0.0,-0.5022673888971109,0.46942934124535624,4.311132910025401,0.10364724814322086,0.022182090492226515,0.0,417.13904342397353,417.2150886969832,417.26620205340157,416.794034208226
2.1200000000000014,-0.33533038213795063,0.17018542234227163,15.222183847838823,0.08956739331074193,0.045131183676055286,0.0,-0.5118424682068233,0.4880502453704025,4.327287193137089,0.0985939405978927,0.02293936944757633,0.0,439.09045719823035,439.27893313632126,440.0020239789931,438.75454635986307
2.1400000000000015,-0.3456795990114733,0.18016805318933943,15.309235869369573,0.09155486330629348,0.04560631721079478,0.0,-0.5230792191454426,0.5102128393363764,4.377914959938056,0.093009823193398,0.017221652107966633,0.0,470.8132736634923,469.48415835348743,472.73782378406383,471.45283480277106
2.1600000000000015,-0.3562305522088719,0.19055035688745686,15.396772006308927,0.09347379549056711,0.04595322280360481,0.0,-0.5320161005944184,0.5280175304753671,4.375698733997402,0.10384824747057853,0.014997893734988254,0.0,422.64877465439525,422.07327806393874,420.4865884308465,423.30213257691844
2.1800000000000015,-0.3669485245814956,0.20126726315905794,15.483994625559262,0.09557627936925606,0.04625479517179798,0.0,-0.5397811366679546,0.543673096684742,4.346563191036042,0.11099232603644857,0.013200955509227695,0.0,395.18026180663236,394.68289386604664,393.274713705725,395.2660165576322
2.2000000000000015,-0.3778423592793275,0.21234208144082958,15.5710649851584,0.09781183234992774,0.04652404010126343,0.0,-0.5496023331152341,0.563808731492421,4.360472768877757,0.10538760303827496,0.0164338549140541,0.0,437.4084879926041,438.2154073579452,438.2273819810785,436.83849284057817
2.2200000000000015,-0.3889553252393723,0.22387068248402764,15.658885784225012,0.09991966806799368,0.04686137251562705,0.0,-0.561694262889243,0.5890513728273828,4.421607137783279,0.10497856196278242,0.02059445969765358,0.0,481.8001250815071,482.74285998836814,479.4975861220037,479.4131675312351
2.2400000000000015,-0.4002942050664149,0.23587376338690622,15.747571795726016,0.10202062145711999,0.0472743402768776,0.0,-0.5721937198150135,0.6112567174604743,4.446994012316977,0.10331594362395045,0.022063178389323288,0.0,449.3971764125503,449.7541984185273,449.1287058068997,448.7334472386103
2.2600000000000016,-0.41184915153223445,0.24833664079169032,15.836872993508338,0.10410797457549137,0.047717651989305665,0.0,-0.583300926766938,0.6350310230179363,4.483125765915336,0.1098019664256656,0.02003924921960777,0.0,459.89784575201946,459.41662312594434,458.4236360721427,459.9762373754389
2.2800000000000016,-0.42361888476068243,0.2612615176023107,15.926720985587526,0.10630618201087216,0.04814291867525089,0.0,-0.5936723960778609,0.6574566580440984,4.501673442003558,0.11188432416041456,0.027036634667438556,0.0,442.8067366296323,444.53043029899555,443.0597477211732,443.5837930184286
2.3000000000000016,-0.4356005256253276,0.2746473922765859,16.01701235307994,0.10854839716019171,0.048704511887090796,0.0,-0.6044916903866584,0.6811308093834243,4.527463307237934,0.10887478395915785,0.020577452290197733,0.0,450.8662662117583,449.2979604690191,451.3010715851338,450.5825737577085
2.3200000000000016,-0.4478197950494546,0.2885560783043797,16.108226121236925,0.11073095687468992,0.049124185778392615,0.0,-0.6174352520260493,0.709737793395955,4.59391350846038,0.105692320977475,0.024608542836833835,0.0,486.6327387920992,487.53715800530375,487.52362462646545,486.81899183081435
2.3400000000000016,-0.46030225402068453,0.30304976558836405,16.20083256154989,0.1128474628842504,0.04961811982009401,0.0,-0.6308106450969426,0.7396309350024857,4.666730522836444,0.10799865573675799,0.022730679708534207,0.0,494.0036981654356,493.5880997671928,492.28629808756676,492.80662160505955
2.3600000000000017,-0.4730427232892861,0.31812235301544217,16.2946773341152,0.11500790025815899,0.05016825019178395,0.0,-0.6432362817632112,0.7676278077053241,4.717746733694508,0.10896225230523747,0.008909190822101771,0.0,476.66280780982436,473.4831414863148,474.7450482743167,474.9762643276086
2.3800000000000017,-0.4860395570706919,0.3337749463441827,16.389669515981975,0.11722087048164909,0.050575059822351776,0.0,-0.6564470963773701,0.7976315251687303,4.78147145298301,0.11717506879963067,-0.012474252030996556,0.0,489.49530347931824,484.6973112508362,485.0785809388354,486.93479819845743
2.4000000000000017,-0.499279030772831,0.3499809574626404,16.485490690951746,0.11957317595536132,0.0503268996777555,0.0,-0.6675002738365367,0.8229695866770431,4.8006460439940355,0.12137128083431444,-0.01084643384479677,0.0,447.6193157965239,448.01672364779097,446.0220755700827,447.0613682651269
2.4200000000000017,-0.512712135185307,0.3666349814493022,16.581163827626447,0.12201583457864817,0.050110191985246466,0.0,-0.6758101674110736,0.8424328119891297,4.766667623476248,0.11585167820361765,-0.011511241165266164,0.0,394.6011850638559,394.417108091277,395.1971377296769,393.6830108941362
2.4400000000000017,-0.5263436029653179,0.3837610272787041,16.676799702082715,0.12435335458480967,0.04988432320358349,0.0,-0.6873366105900208,0.8701717709510594,4.796919822150583,0.10945067170630855,-0.014462865003756282,0.0,458.21204228831033,457.50760233598885,457.90019930130813,456.38143350102655
2.4600000000000017,-0.5401961201748772,0.4014247416759656,16.772860975356316,0.1265641425206674,0.049596357834767346,0.0,-0.6979151103658984,0.8961996687750897,4.809207505209686,0.11604983858272178,-0.012855425263755329,0.0,441.1082015410337,441.5064112164356,440.0364163132349,441.6831166370368
2.4800000000000018,-0.5542731837532434,0.41964801540185515,16.869437976512792,0.12889044817805306,0.04933924995686123,0.0,-0.7097912474707306,0.9261277038138617,4.848492610437893,0.11279134637578177,-0.01289084753743647,0.0,465.5216926987259,465.5135043085626,467.3793875125067,466.62813384148234
2.5000000000000018,-0.5686002744885619,0.43850931565866813,16.967062484671963,0.13116386148859327,0.04908152998242876,0.0,-0.7229178260611194,0.9600023218674375,4.913958205479347,0.10686068317098603,-0.01245044700131955,0.0,488.7338626624437,488.8324724657354,491.2501509901361,489.93894474676455
2.520000000000002,-0.5831615523282544,0.4579802406529945,17.065436273421046,0.1333113202101055,0.04883731631820165,0.0,-0.7332099579081294,0.9870901775651998,4.923420669428931,0.1023340822182627,-0.015547308573823979,0.0,439.571837489075,438.80127021069035,440.8804089650941,439.7669599499791
2.540000000000002,-0.5979259700562749,0.47799119941409485,17.163953264941515,0.13536262152739198,0.0485573849292491,0.0,-0.7432318148939118,1.014005698544839,4.928278482618281,0.09929445299051548,-0.023423193606519628,0.0,435.35915741509143,433.3775023645595,437.04291664424846,436.2913947807577
2.560000000000002,-0.6128954262943159,0.4985587687852752,17.262671293882086,0.13735436009898905,0.04808949178659816,0.0,-0.7537138089101916,1.0427512385731965,4.943524411438738,0.09587406944863978,-0.024491584433610655,0.0,446.6067339235842,446.34514520120507,445.0745930062399,444.2423495598782
2.580000000000002,-0.6280784284340893,0.5197192152734592,17.361793554737663,0.13929363128782324,0.04763794787321807,0.0,-0.7645864050671566,1.0732934102452054,4.9687016741189325,0.08927258478818625,-0.03324233014951389,0.0,455.89361958908364,453.79080984587233,456.086269476972,454.5091598735328
2.600000000000002,-0.6434778803071195,0.5414946103467871,17.46141782939367,0.14114872737652462,0.04697532856319153,0.0,-0.7753587822358582,1.1042460970875843,4.9937257914821345,0.07747051777112643,-0.03535291914968566,0.0,455.30969549890307,454.8023688759268,456.86254213480277,454.0368047959014
2.620000000000002,-0.6590888185867432,0.5638855059629041,17.561488557605202,0.14278077897665753,0.04630209010841835,0.0,-0.7857350457265065,1.1348434645241043,5.013347029670681,0.09032674153318378,-0.027128573799430934,0.0,449.4908201397946,451.48566119969894,449.0649893102978,452.1878446250927
2.640000000000002,-0.6749117972051645,0.5869099947367131,17.66207776558506,0.14459807206773778,0.04577425102739863,0.0,-0.7965628161156224,1.1676054128567932,5.04557376831516,0.09496533192612477,-0.021700425870624276,0.0,461.4665067973682,462.7502015014073,462.21878073355725,463.32078111839667
2.660000000000002,-0.6909550502836654,0.6106091575167863,17.763416357896478,0.14650511736444205,0.04534852571253012,0.0,-0.8077624917344761,1.202310865150532,5.08828546282651,0.09103120986851776,-0.01763024097458921,0.0,471.49574018347266,472.4383070430609,473.0161224087135,472.1133134587079
2.680000000000002,-0.7072013875938099,0.63494278005606,17.865173907894107,0.1483367534671043,0.044996009244309576,0.0,-0.8168712392799723,1.231051388776834,5.087469536936549,0.08633825657832303,-0.017209880959261504,0.0,432.4325689726058,432.53886568280245,432.64712982905314,431.4671565426055
2.700000000000002,-0.7236285589495157,0.6598524191773817,17.96689926389875,0.1500732423502109,0.04467635162817185,0.0,-0.8258458962906083,1.2599125233553372,5.08506606352774,0.08192832425674179,-0.01020416856898974,0.0,429.6114275366618,431.3901552503664,431.68308505332396,430.5714902056028
2.720000000000002,-0.7402457887037099,0.6853798078878509,18.068822379312476,0.151724195544789,0.044477807249268864,0.0,-0.8358770791288194,1.29282634769158,5.107245477845145,0.08690561457235042,-0.0068758078684343985,0.0,453.9974558392919,454.79815565702296,453.5573748508656,454.7604778389369
2.740000000000002,-0.7570505940958534,0.7115259894747609,18.17090733467749,0.15346474319260572,0.0443587060477606,0.0,-0.8446034600855183,1.3217918109994193,5.101250058656529,0.0846986454427301,-0.012944573123468684,0.0,428.4112922935013,426.86028879129924,428.02188267527833,427.4645146203148
2.760000000000002,-0.7740262879836171,0.738242778418464,18.27279483854484,0.15515939381607957,0.0441022207321744,0.0,-0.8529659286908422,1.3498870833708956,5.087500328078206,0.08353441641069279,-0.015138267214912942,0.0,419.76869253500337,419.19721554173634,420.7187865068405,420.42254882959014
2.780000000000002,-0.7911792265350688,0.7655609307929048,18.374640023821726,0.15683332367566916,0.043799503355425706,0.0,-0.8623279264543281,1.3819281540731883,5.0970181996106465,0.0860806023329908,-0.015448001131360438,0.0,442.9544426714952,442.87811263075275,442.2060938027504,442.84069637684985
2.800000000000002,-0.8085478663933333,0.7936267147417448,18.477329391869926,0.15860498765046138,0.043523561031713065,0.0,-0.8745360593721314,1.4246502408108195,5.17191860520944,0.09608579379871068,-0.023574217829737135,0.0,501.6891621441152,499.91585471738665,500.6890339444452,502.87345116578837
2.820000000000002,-0.8261444919159964,0.8224955088184739,18.581165127236712,0.16053671005458892,0.043054959568769924,0.0,-0.8851264928941669,1.4622291668620853,5.211654931469107,0.10055938925496502,-0.02117301244438242,0.0,471.7855978632448,472.34152279695536,470.6319864326783,471.67704616247346
2.840000000000002,-0.8439163810248301,0.851988655457979,18.684981724848388,0.16254861864893844,0.04263489629511863,0.0,-0.8920624179892125,1.4870854970884295,5.17000482969826,0.10176006344082547,-0.023779533204578426,0.0,392.76826415737304,392.04216235314743,392.86282677107033,393.2069164763573
2.860000000000002,-0.8618608287462457,0.8821125550018037,18.788761382951154,0.16458661664550078,0.04216355936083538,0.0,-0.9023823541523436,1.5253044572940506,5.207960980578509,0.10412511217007252,-0.026696288185198584,0.0,470.50449959199403,469.8264320806214,470.0298847373572,470.5878489298967
2.880000000000002,-0.8799934660815488,0.9129388648296691,18.892898272184674,0.16668214480064947,0.041630677636899094,0.0,-0.910881379377966,1.5573265254924848,5.205727942773336,0.10922921086568944,-0.028141307055681103,0.0,432.2181270008117,431.8523761168999,433.70787224368325,435.0019729006
2.900000000000002,-0.898299465598687,0.9444269345533824,18.99709312507707,0.1688927567882228,0.04108470247159346,0.0,-0.9197185723358527,1.5914804468788437,5.213757346466079,0.10201425830038251,-0.022335968855725082,0.0,442.5571836871623,443.9884075588784,443.98610510609063,442.21697161046995
2.920000000000002,-0.9167919257424966,0.9766465513423269,19.101706324959313,0.17096022573599523,0.04066119512725841,0.0,-0.9295274420450976,1.6304812320156035,5.247562641758315,0.09464082195562312,-0.029149489645914725,0.0,467.3137440266264,465.7174503245774,468.9579075160927,467.2447301291216
2.940000000000002,-0.9354744481916413,1.0096290950630278,19.206869099339798,0.17285317225323205,0.04015053514538902,0.0,-0.9387248028693761,1.6677731400544828,5.26871479628989,0.0941307668122932,-0.017122036794287865,0.0,453.78280668814483,456.67032479923375,457.230834756272,457.11622368399713
2.960000000000002,-0.9543375578516818,1.043351589776476,19.3123977923182,0.1747359171659788,0.03981930326844285,0.0,-0.9475861631346751,1.7044763312903433,5.284154501550196,0.09463983753625152,-0.021856772043367965,0.0,451.73164358577645,450.58467943882295,451.2236972265404,451.3543520283733
2.980000000000002,-0.9733809043524794,1.077827943554312,19.418325045846743,0.17662899040190805,0.03941745787631756,0.0,-0.956748486945084,1.7431590464932851,5.3085708513038306,0.09538345733749204,-0.013455575849675211,0.0,458.6230625947063,460.62087294671284,459.9671628679939,460.1510970161966
3.000000000000002,-0.9925981184677747,1.113043899814013,19.524526641615648,0.17861674984593545,0.03914853488765324,0.0,-0.9649729245844403,1.7784365794768269,5.311588725586919,0.10803970459155071,-0.012841526455108998,0.0,440.247394668948,440.39993292056374,438.3394275229105,441.4918023871878
3.0200000000000022,-1.0119709509487074,1.1489311562814892,19.63057718352617,0.1807796515833795,0.038901664610922815,0.0,-0.9723103235088209,1.8102890672707785,5.293465465465663,0.11009282203254588,-0.00837828718926842,0.0,419.6125183554301,420.77362105993194,418.5205822067423,419.0674804865898
3.0400000000000023,-1.0314988437699124,1.185499329523358,19.7364844295271,0.1829832164475933,0.03876384472597216,0.0,-0.9804789586116888,1.8465282569161148,5.297259134627302,0.11194129359732696,-0.01609137461715617,0.0,441.95412897205887,440.0425844485983,440.7777661588172,441.2467016529465
3.0600000000000023,-1.0512141082585338,1.2229101661190283,19.8430808856075,0.1852231683582639,0.03845667620366644,0.0,-0.9910474902504557,1.894555402650903,5.362386473412608,0.11344198592013786,-0.02150597894939492,0.0,497.3772078369276,496.18607866088394,496.2060814994965,496.546193389342
3.0800000000000023,-1.071146820580798,1.2613199131808002,19.951153301943112,0.18751398131829333,0.038069285751081594,0.0,-1.0022237419759703,1.9464193035262947,5.4448551601486175,0.12007120029696398,-0.012261615650320615,0.0,511.3997660333741,513.3717073696591,510.7171930536274,512.1434903286731
3.1000000000000023,-1.0912629969985095,1.3005821122602723,20.05986714593173,0.18991645311465,0.037976454038587626,0.0,-1.0093938997951912,1.979800604420919,5.426529238713127,0.12151881241190392,-0.029720172321025057,0.0,423.28710328964644,418.7547169439017,421.62963638638985,422.0185822928233
3.1200000000000023,-1.1115277945787299,1.340542505957796,20.168351433606222,0.19236703088646312,0.037398231762348466,0.0,-1.0170858582268276,2.0162387653314466,5.42189952873648,0.12787515154307033,-0.024031381556515168,0.0,433.8712730745919,435.30175345203037,434.52294962102445,436.132575750151
3.1400000000000023,-1.1319436631788817,1.3812273974748004,20.276697227162966,0.1949282690113172,0.03691873633577192,0.0,-1.0245010017883465,2.0522503863689976,5.412679826938008,0.13060831600664805,-0.022526586185626037,0.0,430.7313142603813,431.11291158250594,429.901055880693,430.6109118575435
3.1600000000000024,-1.1525259396702,1.422736472750623,20.385360954199164,0.19755848399646236,0.03649379486023463,0.0,-1.0337266473434725,2.0986571412132777,5.4536928766820125,0.12460021064595919,-0.015372531646380867,0.0,476.80085005250623,478.4379884622262,478.2697976572408,476.90916558976727
3.1800000000000024,-1.1732723049403875,1.4650750704681337,20.494320911163726,0.20005793472962718,0.03619927080972918,0.0,-1.0409098796752951,2.135202630537784,5.442302819774061,0.1284593608751941,-0.02045713240206917,0.0,429.7520386094568,428.45696568490683,428.77340133357797,429.770734893527
3.2000000000000024,-1.1941672382493649,1.508178577099718,20.60319811847162,0.20262714786807745,0.03579075376333929,0.0,-1.048583451222438,2.175148032620653,5.445417911015491,0.128687049022219,-0.01933856040960745,0.0,443.01196001050613,443.2878711194381,443.56816227011507,443.6393795059421
3.2200000000000024,-1.215228697483602,1.552163537556133,20.712514548207324,0.20520103727317807,0.03543628462799031,0.0,-1.057562472201271,2.2233480130208294,5.4862250625548095,0.12814221022763997,-0.011300889995520714,0.0,476.9232990269337,478.7618530081865,478.92404903934835,478.81352949850094
3.2400000000000024,-1.2364504249542887,1.597011905191105,20.82213436740218,0.20777290467852083,0.03522076821907216,0.0,-1.0646102748674082,2.2614887504763708,5.47575685693091,0.12389410458160698,-0.015883769219899483,0.0,432.42687451511097,431.2670416744798,430.8315034712682,429.7680071088889
3.2600000000000025,-1.2578340747944272,1.6427523980633605,20.93213571147496,0.21027973373821407,0.03495039466278005,0.0,-1.073754709146445,2.3125605367491815,5.524377550346867,0.13150291106631062,-0.025610210306524665,0.0,487.0008857491144,484.8131740605904,485.18758994173044,486.9110720963198
3.2800000000000025,-1.2793857235260864,1.6894349719802213,21.04270882778627,0.21291297771439233,0.034438836731698785,0.0,-1.081410164019459,2.355696854936898,5.532934080784167,0.12897872610809327,-0.024473306573274324,0.0,450.27680176111056,450.552583456049,450.469260646425,449.87202407644264
3.3000000000000025,-1.3010893330904971,1.7369844669915828,21.15344758934241,0.21549723906293838,0.03395365124698557,0.0,-1.0889507924216102,2.39925264619927,5.540942074829835,0.12591708393962286,-0.02154733775856045,0.0,450.3340875537537,451.0436239164332,449.8556092826272,449.1261268668914
3.3200000000000025,-1.32294033854002,1.78539448448454,21.264274116655624,0.2180176077733993,0.03352270839781557,0.0,-1.096149752530682,2.4417491030964493,5.54171065649176,0.12390361346893243,-0.021635723291987822,0.0,442.7477338550243,442.7259071910981,444.5066277037529,444.0256942035249
3.3400000000000025,-1.3449317329190047,1.8346410892623355,21.375033600360418,0.22049697829530235,0.03309045282235612,0.0,-1.1029896853677819,2.4829113746830984,5.534237713987789,0.12551498091584412,-0.020677714544451335,0.0,436.3031566908281,436.5430769872406,434.86034757609127,435.2794653228512
3.3600000000000025,-1.367058642016307,1.8847118750262641,21.485627238799804,0.22300817155035269,0.032677691445385015,0.0,-1.1097012243624396,2.5241672017097803,5.525126129950884,0.1268518703900043,-0.01941841798083255,0.0,433.7766413294644,434.0938491398297,434.45341543073755,434.8043468228157
3.3800000000000026,-1.389328961936069,1.9356791417368855,21.596332942278085,0.22555682279695155,0.03232129367018466,0.0,-1.1173307676137678,2.572559469352341,5.54544421787741,0.12203236029058297,-0.011422095774212843,0.0,461.03257389904167,462.92450710351085,463.41851766925043,462.29438555041236
3.4000000000000026,-1.411736540868887,1.987518394543911,21.70700335391271,0.22801631304370495,0.03210621337123598,0.0,-1.1234271256680308,2.611365811350204,5.521596945584958,0.12817125936802967,-0.006252643862155697,0.0,419.43031208804916,420.7754535558394,419.4257523633336,421.0369343995967
3.4200000000000026,-1.43427501487223,2.0402030305116363,21.817477504176072,0.23058388522349027,0.03199176024450878,0.0,-1.1304202746662988,2.657097785422333,5.525818080751333,0.1252913314437407,-0.010856935450595085,0.0,448.3905757450811,447.266900873258,448.0333105095888,447.34505835881447
3.4400000000000026,-1.4569496241466202,2.0937817595424146,21.927926918529895,0.23309505303079003,0.031794036574735784,0.0,-1.1370406527727164,2.7007751176554784,5.519123354630956,0.12202294394373028,-0.017088313988147898,0.0,438.62158376502913,437.06610221712,437.6005229647783,436.79795714906106
3.4600000000000026,-1.479759048856944,2.1482582679372437,22.03832488153302,0.23554111767892927,0.031482137034711144,0.0,-1.1439018182596727,2.7468757218274504,5.520672945681363,0.12537130750370148,-0.009359570268962811,0.0,444.89522336779936,446.79008445431737,445.10337823527715,445.9382822340369
3.4800000000000026,-1.5027093691750635,2.2036926546736804,22.14888357227261,0.23806846962723505,0.031295797234688116,0.0,-1.1511302135522636,2.796562951816194,5.5351961282778825,0.13168411959214824,-0.008054499116600776,0.0,458.3436971087515,458.6549395256146,457.2069777956816,458.7274258193363
3.5000000000000027,-1.5257923631426114,2.2600387073580355,22.25937287721626,0.24070994798436285,0.031135349612314123,0.0,-1.157169183202527,2.838042316619326,5.513734366087325,0.1277354577214647,-0.009187953975370727,0.0,424.0261654507502,423.73399710649926,424.0793046076065,423.07720449940916
3.5200000000000027,-1.549012846978726,2.317348224841948,22.369960029346153,0.2432673347411436,0.030966794377848217,0.0,-1.1648792004089508,2.8929094317719195,5.544980846901896,0.1300495892439505,-0.0036736371470952565,0.0,473.3080575696438,474.5798928861784,473.9047969376362,474.45198993178786
3.5400000000000027,-1.5723732286578644,2.375651871787283,22.480733046405913,0.24587022890824617,0.03089355068424915,0.0,-1.1711589675048897,2.93745526276158,5.532320859074102,0.1280990087029126,-0.0029968072674843842,0.0,432.7463212328925,432.917314716879,433.80590323702717,433.3301121118431
3.5600000000000027,-1.5958777526251566,2.4349975226572624,22.59183641076673,0.2484358765152379,0.03086986041995221,0.0,-1.1792934292243287,2.9971098242363374,5.578015577007758,0.13080730445244976,-0.011511016690850754,0.0,488.6808634857441,486.7728883132083,487.3675529192814,487.9879382082385
3.5800000000000027,-1.6195233773893523,2.4953701763500775,22.703174671426645,0.2510577878181497,0.03063964333864888,0.0,-1.185269047195232,3.040155545045195,5.555810488983386,0.13420295280374644,-0.011430362938512604,0.0,424.6432748831891,424.66415298294015,424.1450451738143,425.0357883746196
3.6000000000000028,-1.6432941325905381,2.556656218788487,22.814256263565323,0.2538073802563945,0.0304242493516913,0.0,-1.1918064729233495,3.088448698795768,5.552348724884649,0.12275451341931988,-0.016571038344137957,0.0,443.1493322867037,441.8796732424763,445.2866127014926,442.48413022635475
3.6200000000000028,-1.6671852178884694,2.61883002110025,22.924947514622808,0.25626945357025654,0.03009460501572736,0.0,-1.1973020568697703,3.128931532380513,5.516776380863793,0.11901739006691439,-0.018455942011935567,0.0,411.31478355172135,410.8136243482477,411.74364077306797,410.76532443341216
3.640000000000003,-1.6912028745146532,2.681961223768738,23.035476961785758,0.2586508568648158,0.029748332225873142,0.0,-1.2044636057486042,3.1841887344682913,5.536168335431068,0.11756446665477313,-0.025215535251808523,0.0,466.4364060103648,464.8497803527796,464.49527843736126,464.1653404766604
3.660000000000003,-1.715366946980209,2.7462355782923975,23.146519143550456,0.26101671510746716,0.029246826400537884,0.0,-1.2119436408069801,3.243246717897677,5.56804984103868,0.12296241247819104,-0.02284704218630011,0.0,476.1582472194625,476.70156084128257,476.74967965655804,477.9969664831496
3.680000000000003,-1.7396617807888577,2.811539491294702,23.257611803351647,0.26348697906781204,0.028809518570853676,0.0,-1.2175397400578762,3.2871445823327767,5.5412161390803725,0.12765617659270623,-0.01658078109344177,0.0,420.42013552519046,422.0461181176559,420.6803628101424,421.91278379340497
3.700000000000003,-1.764079215120748,2.8778277436261948,23.368547570505303,0.2660805701718356,0.028478373520172795,0.0,-1.2242036931311755,3.3416806508164916,5.552360576285319,0.11865978040649866,-0.01755090602105983,0.0,458.6766188789764,458.4454752336061,459.4017288469291,457.27061882968854
3.720000000000003,-1.7886321166278214,2.9452376571033843,23.479800612995625,0.26846447906998794,0.02813187949584961,0.0,-1.231086457576148,3.399310696902474,5.572943672747144,0.1232886658062404,-0.01454288471205017,0.0,467.3757168893252,468.07874718734763,467.08921917046865,468.18303805657564
3.740000000000003,-1.813317200415257,3.0137598258600637,23.59130063502858,0.27098795354240757,0.027841289644739753,0.0,-1.237421921167394,3.4529061787654682,5.577058530548584,0.11254611896718557,-0.013810978801732548,0.0,452.5604393423782,452.7372907392579,454.2147161416628,451.635687897773
3.760000000000003,-1.8381133165456136,3.083212828387965,23.702357735719882,0.2732434468169185,0.0275659458173676,0.0,-1.242189691868291,3.4923940740246526,5.528651538581557,0.11556965833936368,-0.015134420271821616,0.0,399.80554713099224,399.44363436827996,399.9184323663904,400.7567735291032
3.780000000000003,-1.8630214168814985,3.1536245064003396,23.813038923580553,0.27561789680854965,0.027311206252534248,0.0,-1.2486203417201995,3.5487737272127844,5.539467247485269,0.12679969171811753,-0.024927156416867845,0.0,460.3525344993592,458.0216134563144,457.9580934439113,460.64205944622756
3.800000000000003,-1.8880514129701202,3.2251059328997282,23.923715452810875,0.2781548103944971,0.0268129529396548,0.0,-1.2543792671419727,3.5993689227260828,5.528185675546851,0.12544340886757846,-0.02416582146000231,0.0,438.09253961970484,438.2823477989234,438.7965231521756,438.47343319525004
3.820000000000003,-1.913192527893952,3.2975707129248506,24.034050916380636,0.2806656802296512,0.0263447258720797,0.0,-1.2597322252412289,3.647109079786167,5.505360681429293,0.1234425801382302,-0.029659337933908077,0.0,427.8738047410466,426.46799139344176,427.2088405836574,426.71162272136553
3.840000000000003,-1.9384535661033475,3.3711372451201367,24.144425651782047,0.28314955356671145,0.025781190620855376,0.0,-1.2663715956983128,3.709544139742467,5.5321128587118515,0.11796138787816703,-0.03736018301139468,0.0,475.2072953365645,473.4325034987171,475.76218399729163,474.51400833965556
3.860000000000003,-1.963830984322032,3.4457928017459825,24.25476843993565,0.2855300588035936,0.02503400237886222,0.0,-1.2713702261701492,3.75601152284209,5.5021659566481365,0.1244848040566532,-0.03753578616978425,0.0,420.91315896971344,420.8668135098342,419.2872262888764,420.99779172500996
3.880000000000003,-1.9893179468677769,3.5215020605844116,24.36492378986445,0.28802850196063634,0.024363709032546588,0.0,-1.2773260284043224,3.8149143610008434,5.513369036231958,0.12866740513962374,-0.05021824469172221,0.0,461.5596756327787,458.54583943982084,461.3547632158645,462.35805649570636
3.900000000000003,-2.0149147776932024,3.5983018360669607,24.474991223769702,0.2906187519534722,0.023361137984604596,0.0,-1.2823570541382667,3.8650631872540426,5.493374354293447,0.12285330330992303,-0.05211236501103618,0.0,431.5897309217767,431.10807495261565,431.57241055493733,430.1130498815278
3.920000000000003,-2.0406107204544037,3.676111085433401,24.58466640070384,0.29308166506213595,0.02236067056431157,0.0,-1.2872372219818988,3.9158617493899954,5.474143339120159,0.12627296483272685,-0.061253467781192596,0.0,433.39088718336626,431.0773694759916,431.25661513437274,432.13664122554115
3.940000000000003,-2.066403925110237,3.7549578562125885,24.694015252725144,0.2956111733637927,0.021137601640249137,0.0,-1.2920832436014351,3.9688153285287595,5.460741863010394,0.12911866509895045,-0.05925325201203136,0.0,437.47561873098203,437.97236213041225,437.70705588576146,438.43188627644133
3.960000000000003,-2.0922936915261596,3.8348929593958374,24.803178234453608,0.29821945529310234,0.019969391707343576,0.0,-1.296893397990825,4.024694989796146,5.4555563098360516,0.1219202448096932,-0.0650593018456333,0.0,446.7171169732931,445.2917392022064,447.20037591784507,445.4526555553703
3.980000000000003,-2.1182787456597714,3.9159688128300654,24.9122977859495,0.3007219845794271,0.018682712401474788,0.0,-1.3016120153703497,4.082890353626655,5.456398839753636,0.11059554700970779,-0.07044571643115298,0.0,451.7321041103933,450.42382148198976,454.88913442078314,452.17289764535826
4.000000000000003,-2.144359283771382,3.99827017903048,25.02161818364234,0.302936051572412,0.01727440044799078,0.0,-1.3064417957907117,4.147246266414803,5.4756409295301935,0.11267210800852656,-0.06934810526201599,0.0,470.28404919123346,470.5355981072716,469.4415980161945,469.9349424149925
4.020000000000002,-2.1705258211794423,4.081731897862309,25.130904044220657,0.3051927678040878,0.01593499689141531,0.0,-1.3102119450153065,4.198925616768106,5.452945128301366,0.11523104196814114,-0.07910090472313851,0.0,431.82573108150945,429.3460862397923,429.1159772968511,429.7790698671636
4.040000000000002,-2.1967601473474128,4.1661299037292086,25.23941645857988,0.3074993641574162,0.01435343693862201,0.0,-1.3132206717817327,4.240874969921859,5.398296307620825,0.1172187612467201,-0.07814367782266957,0.0,396.4193041072175,396.677337875578,395.8602275071928,396.42235374191347
4.060000000000001,-2.2230598791285847,4.251525682158548,25.34732760122606,0.3098478439421042,0.012791048553802753,0.0,-1.316752506335496,4.298702873012087,5.392817956997175,0.12008391735178825,-0.07912873785592607,0.0,446.75683210304993,446.5109254797584,446.7553297884641,447.46800381234635
4.080000000000001,-2.2494243022074802,4.338010618112091,25.454906294572336,0.3122515827310748,0.011211412684055233,0.0,-1.319689801554044,4.349790722342172,5.365051377630262,0.12211391337865446,-0.07670432560926947,0.0,424.5797724679041,425.1981584225561,424.51258561580244,425.04868880734546
4.1000000000000005,-2.275839927032449,4.425385912217186,25.561511858074127,0.31470189991412845,0.009694699363613779,0.0,-1.3218726809428412,4.38773868816732,5.295504972548741,0.12612363044606337,-0.07080971930446775,0.0,378.61408335196927,380.3064307473061,378.80373857140773,379.97535296033647
4.12,-2.302308666160082,4.513883828529419,25.667836263050305,0.31724613707338367,0.00828629855068641,0.0,-1.3250012318204274,4.4620529430560785,5.33693552506929,0.11952597171984733,-0.07475777532291857,0.0,490.8199804606313,489.9366673098439,491.35358176371665,489.8965996848965
4.14,-2.328831395008069,4.603677164871219,25.774390717246924,0.3196935916741257,0.006791473832881145,0.0,-1.3272716529782995,4.517280691123876,5.318509894592738,0.10885496742357881,-0.07394440129688146,0.0,434.66400309419583,434.8639880546722,436.1000765183454,433.43041890327373
4.159999999999999,-2.3553963806853053,4.69455505060788,25.8805048872792,0.3218876816805478,0.005320493528751413,0.0,-1.3292269147453324,4.570507882542242,5.2929071086348305,0.11468431694996498,-0.07792126483678413,0.0,427.69395494410287,426.6718466104405,427.32068686520523,428.8201508000525
4.179999999999999,-2.3819968652277064,4.786434145059111,25.985908026781306,0.32418323832546747,0.003763198019901104,0.0,-1.3308215394947978,4.6174015625809055,5.247406841575551,0.11661838309187243,-0.0794244533711759,0.0,407.8066595730808,407.3981043147458,405.63406413682276,406.16801586514123
4.199999999999998,-2.4086295149095434,4.879472986582993,26.091053397282092,0.32651571936121915,0.0021863705239457687,0.0,-1.3324434286889182,4.6864825898072295,5.267130208503238,0.11614220263347706,-0.08425385736502444,0.0,471.47810311920523,470.35249159692603,472.53508618199703,472.43622082368057
4.219999999999998,-2.4352910781396924,4.973884553217452,26.1965538577815,0.32884845996492285,0.0005220647015962143,0.0,-1.3337128943259933,4.754674073638686,5.282915841437292,0.11169325870619876,-0.09069921615267948,0.0,468.8007508732095,467.29013200710494,469.7566887274403,468.7316549165557
4.2399999999999975,-2.4619744181796066,5.069632565835907,26.30227712403998,0.3310911380476247,6.281894269305711,0.0,-1.3346211096654326,4.82012718820681,5.2894107844106655,0.11589156993279569,-0.09202718270552214,0.0,459.4275106138249,459.10485291725416,461.1114640509282,462.1161275232828
4.259999999999997,-2.48867273579858,5.166562031629913,26.40774788543077,0.3334149200383143,6.280055854306678,0.0,-1.33521065223191,4.87281939119377,5.257665354668337,0.11934137921274318,-0.08996385768106115,0.0,422.1561907084232,422.6825046967996,422.8099745569153,423.71364839998193
4.279999999999997,-2.515376690677481,5.2648757315540555,26.513528949664437,0.33580176018728203,6.278266371992444,0.0,-1.3351848356581788,4.958550601220536,5.320441068698289,0.1194999018501322,-0.09438988058801562,0.0,512.2049260398883,511.2539702403461,511.95686106878685,512.0014623460128
4.299999999999996,-2.542078505411438,5.364700919781803,26.61996729517864,0.33819969448855414,6.276393979167658,0.0,-1.3349966377375342,5.023968221554209,5.323393482722196,0.11551586764606835,-0.08883924333211829,0.0,457.18217590030275,458.50007807912544,460.0533267197452,459.1181210571123
4.319999999999996,-2.5687726835472957,5.465843131605191,26.726477781811024,0.34054753736886667,6.274644402336065,0.0,-1.3344211758482194,5.090252960784624,5.327655180516047,0.12417906883170571,-0.08146251844215535,0.0,459.875826389171,461.6195868768492,459.0683902503023,461.1379187534483
4.339999999999995,-2.5954531779905996,5.568260751239367,26.832920414990053,0.34310416742132865,6.273017436011507,0.0,-1.333628268482207,5.151509002632958,5.316608137386945,0.13626614257418668,-0.08359982716378431,0.0,446.9497914445562,446.42144483065033,443.8242653150145,446.8051440276285
4.359999999999995,-2.6221165850054953,5.671847085861646,26.938972992453028,0.34582949796907414,6.2713454617654065,0.0,-1.3327124330073634,5.207124459594937,5.288649608910807,0.1363902091794714,-0.08338865341911711,0.0,429.9468583673826,429.9945836515911,428.49409861898215,428.54366677891363
4.379999999999995,-2.648750767205772,5.776780417098025,27.045107066131152,0.34863417445594447,6.2696777212997254,0.0,-1.3307057870202905,5.286208664042876,5.32475775890141,0.12399082989814772,-0.08313329993407437,0.0,490.95564355506394,491.0075439062413,492.21202788983305,489.46611973784724
4.399999999999994,-2.6753521500490964,5.88301512767896,27.151175544609387,0.35112811143455236,6.2680202185113565,0.0,-1.329432497312183,5.337262394050598,5.2820900889220885,0.11867662616758132,-0.07991982508217114,0.0,414.50421657182335,415.3446401907076,415.60794738394173,414.2230371595291
4.419999999999994,-2.7019219980036495,5.9903531988484096,27.256607369029584,0.35350165797948474,6.26647353328193,0.0,-1.3275522981431078,5.396544722894359,5.261092353097674,0.11850916524129777,-0.06975013755336675,0.0,435.4766166436371,438.01663942489853,437.90526252051774,437.87635049517473
4.439999999999993,-2.728451309997883,6.098883627633668,27.361628662997997,0.35588364894647295,6.265082285810831,0.0,-1.3253789012802886,5.456498155631527,5.241037043743371,0.12336872533712959,-0.07249067763419133,0.0,439.3190855624992,438.6329010839181,437.31165221626947,438.5374824224622
4.459999999999993,-2.754933755221959,6.208633483576165,27.46629486892458,0.35835126585877397,6.263648326565047,0.0,-1.3228656211273144,5.518487438618069,5.2255835489151465,0.1226724415468984,-0.07812171784020859,0.0,444.7850681708951,443.3949752805345,442.5485680988889,442.3904258242813
4.479999999999992,-2.781371105986733,6.319486045220773,27.570276520199407,0.3608105847434464,6.262088313924258,0.0,-1.320869455350125,5.566768725842741,5.172581578567049,0.1260988255692257,-0.08032249770879732,0.0,404.62516040628327,404.0246337766706,403.60008885944984,404.54230011218976
4.499999999999992,-2.8077480728859006,6.431611101756107,27.67400491320356,0.3633380706934428,6.260561270615614,0.0,-1.3168272345665937,5.645736927690686,5.200257721848166,0.12941829498837676,-0.06772038316134021,0.0,483.67094093299306,486.50595873887875,483.8629053731722,484.6252266010132
4.519999999999992,-2.8340633725247515,6.54496329618774,27.777347609496434,0.3659590446490135,6.259213354213458,0.0,-1.314702729318533,5.689482515472634,5.134011907439241,0.12134264568902109,-0.0713235098781884,0.0,390.30786445706536,389.29325909806937,391.2937847109556,389.0490869542746
4.539999999999991,-2.860321895020242,6.659379340785804,27.879852425650316,0.3684558723059874,6.25779579631082,0.0,-1.3111495202304877,5.752121944333775,5.116469707949044,0.10951262090518446,-0.07554542767132953,0.0,441.7883945629353,440.73860464941055,443.63804287863024,440.7270090541849
4.559999999999991,-2.8865144878562448,6.7749415645260385,27.98172132565009,0.37065946830601604,6.256285174355307,0.0,-1.3081097633698342,5.804100429689665,5.07042029202798,0.10434665886023582,-0.07630252464532176,0.0,411.69807823823356,411.4920213447679,413.5250937717053,412.1688540828527
4.57999999999999,-2.9126374426910386,6.891633139832811,28.082895018735172,0.3727471159650042,6.254760343685785,0.0,-1.304185720109553,5.8650571009875465,5.046949016480587,0.10315126621858633,-0.0747405877805549,0.0,436.0391407842105,436.4258101368407,435.54727446457235,435.25690558194606
4.59999999999999,-2.9386776565815627,7.009565845639816,28.183649590798247,0.3748120797255998,6.253266140693809,0.0,-1.2998356689428328,5.928213479713038,5.0285081898269235,0.10512024373174803,-0.07363717159867905,0.0,440.7521912401081,441.0213390414253,441.0431641491348,441.5402147791338
4.6199999999999894,-2.9646252686491366,7.128798827593233,28.284123754544574,0.3769156004804026,6.251793963364992,0.0,-1.2949255378145794,5.995084715628642,5.018908184805556,0.10661415147157467,-0.07470122343735024,0.0,450.6475921456377,450.3852846325127,449.65192989226216,450.0244464043389
4.639999999999989,-2.9904622089132125,7.249484434259323,28.384690267759293,0.37904800484561907,6.250320575280583,0.0,-1.2887684885929953,6.07347595098035,5.037743136666323,0.10710676853451803,-0.06827683485365041,0.0,477.5038218348555,478.9682403797305,477.5847154927176,477.7065439181088
4.659999999999989,-3.0161906509960223,7.371538930857942,28.48512552407174,0.38121816864523517,6.248973269123663,0.0,-1.2840757196879833,6.131973708881468,5.005782494578426,0.09961965574977101,-0.062238533742589947,0.0,428.26221696859454,429.7969998702484,428.89012552988726,426.9881998120578
4.679999999999988,-3.041812647917373,7.494877319206796,28.585200370030158,0.3832171227274861,6.247774305507502,0.0,-1.2781239724470783,6.201865126003934,5.001702101263604,0.10324207683395177,-0.05266700735550276,0.0,455.693442074068,457.98095522870335,456.2815703833012,457.15678661921055
4.699999999999988,-3.067319542373312,7.619548780868721,28.685026936719943,0.38528278012138717,6.246727734758338,0.0,-1.272565473146823,6.265281040188539,4.980954567714864,0.10451946261885732,-0.048987497076373655,0.0,439.62603684785466,440.5381355969122,440.8349212500562,441.16090271847366
4.719999999999987,-3.092716068157262,7.745462400068286,28.784368686884953,0.38737416352839116,6.2457481029429776,0.0,-1.2670871052481794,6.3260808797679395,4.9532204487860785,0.10592953682040077,-0.04947355503103415,0.0,433.40611601027763,433.2819585070719,433.6208484019692,433.98598213244037
4.739999999999987,-3.1179926689754214,7.87268078529476,28.883368352413758,0.3895064140122857,6.2448168831359965,0.0,-1.2605729765677711,6.395757642879435,4.946746104094548,0.10070273139331154,-0.03867991860575473,0.0,454.0204770633355,456.61026153613955,455.7031215574394,454.4571977290738
4.7599999999999865,-3.143148049972819,8.001186873049825,28.98197431364517,0.39152171909131184,6.2440600586954815,0.0,-1.2549651231719912,6.454851132627021,4.913850019046859,0.10228415553605141,-0.03288786687942479,0.0,428.01946844190155,429.4953551570553,428.50914025219663,428.9215282488758
4.779999999999986,-3.168180875345366,8.130964830298725,29.080136284131555,0.39356767200190834,6.243408804020362,0.0,-1.248317414082733,6.522944592262857,4.902347029591659,0.10154958099843792,-0.029281577243301875,0.0,450.2103640088816,451.0847060020258,450.8189878878407,450.64975655163573
4.799999999999986,-3.193067197709281,8.262224659858111,29.178351825767905,0.39562559960641774,6.242867954723401,0.0,-1.240314822308792,6.603038363675955,4.919207134043472,0.09420982834042214,-0.03874542930312448,0.0,479.64477153650967,477.4829972718646,479.3825746887045,477.71420713585985
4.819999999999985,-3.217795775969315,8.395054830312581,29.27682207724113,0.3975240954253998,6.242123783312291,0.0,-1.2325430036946123,6.679978681771152,4.927818013278572,0.09955758528587216,-0.030904871293296193,0.0,471.17854751617165,472.9933162742057,470.2147856122922,471.4632677791464
4.839999999999985,-3.242363971604201,8.52945696270483,29.37553811169205,0.39952266600467734,6.241527143850799,0.0,-1.224276559793967,6.760234557453504,4.943785431813764,0.1034095649223416,-0.02435384627833129,0.0,477.83511237347216,479.3310977198673,479.0995680993197,479.9853252489569
4.859999999999984,-3.2667686094728428,8.665437156849102,29.4745030661096,0.40159852480654923,6.241074839481275,0.0,-1.2161872270701957,6.837784856973755,4.952710009941458,0.09949357119790966,-0.01601447507395127,0.0,472.25572965314717,474.18198250242216,473.4538980534057,472.5575358507628
4.879999999999984,-3.2910164263771753,8.802915071220614,29.57351468884985,0.40359606007895366,6.240763276121022,0.0,-1.2085944633630346,6.910006580177407,4.948452264083424,0.09557851093101906,-0.011836882172161594,0.0,460.1579613887745,461.1493746780771,461.8348409356717,460.9154043748976
4.8999999999999835,-3.315101847632256,8.941930409780177,29.672653884055645,0.40554204620021306,6.240526939656025,0.0,-1.199947662145021,6.991527275778818,4.9654672564962485,0.1038750044841867,-0.012732625936710703,0.0,482.987515614088,482.78488891759105,479.9913147436483,481.8839573056823
4.919999999999983,-3.339028316909221,9.082443512034144,29.771818643557637,0.407623278344464,6.240290957425788,0.0,-1.192699265551494,7.059782949618014,4.9510086937029385,0.10114295230049969,-0.006621932277802018,0.0,451.6918123795242,453.16833160921993,452.220315849374,451.5686457670968
4.939999999999983,-3.362807913208418,9.224336326103037,29.870723283313172,0.40966752597379674,6.24015991236071,0.0,-1.1852603643681723,7.129498457271158,4.9394552818504165,0.09460252672987053,-0.008291411524492833,0.0,455.51013066566196,455.1094304639904,456.32118544683055,454.7603280003681
4.959999999999982,-3.3864603237398367,9.36742238372539,29.968929203334785,0.41160516191611674,6.239997346918496,0.0,-1.1799806887737383,7.179107304964188,4.881136720310995,0.08505418575119067,-0.005736890717886212,0.0,405.64097246489104,406.328925288431,408.4829152607932,405.92809091066016
4.979999999999982,-3.4099826797350175,9.511724829397041,30.06648092323643,0.41330674289109215,6.239909001254876,0.0,-1.1722549107443356,7.251137262200841,4.874035269853773,0.08605144193870459,-0.013002171268226254,0.0,460.39742244886844,458.6693122684234,460.2846769838826,460.52710929471687
4.999999999999981,-3.433350655794664,9.657465291984911,30.163882041991926,0.41505865797207697,6.239659143924847,0.0,-1.164542695220296,7.322908996586151,4.8660766056956986,0.0939109892806736,-0.01751572759028717,0.0,459.9867077230639,458.91298545353754,458.70245229695155,460.5774243085808
5.019999999999981,-3.4565763153030433,9.80452664826373,30.26086120308615,0.41695203509528955,6.239342372876555,0.0,-1.1580232556176577,7.3832266312955745,4.831839503727098,0.08840511285654751,-0.025706393438004235,0.0,433.6759444351788,431.60650372028675,434.4242425928937,433.04430606783865
